datmat6=[    0    0.000               0            6701             511               0;
     1    0.009               0            6690             511               0;
     2    0.018               0            6688             511               0;
     3    0.027               0            6691             511               0;
     4    0.035               0            6701             511               0;
     5    0.044               0            6712             511               0;
     6    0.053               0            6721             511               0;
     7    0.062               0            6727             511               0;
     8    0.071               0            6729             511               0;
     9    0.080               0            6729             511               0;
    10    0.089               0            6729             511               0;
    11    0.097               0            6728             511               0;
    12    0.106               0            6726             511               0;
    13    0.115               0            6723             511               0;
    14    0.124               0            6717             511               0;
    15    0.133               0            6708             511               0;
    16    0.142               0            6699             511               0;
    17    0.151               0            6694             511               0;
    18    0.159               0            6695             511               0;
    19    0.168               0            6703             511               0;
    20    0.177               0            6715             511               0;
    21    0.186               0            6728             511               0;
    22    0.195               0            6736             511               0;
    23    0.204               0            6737             511               0;
    24    0.213               0            6734             511               0;
    25    0.221               0            6724             511               0;
    26    0.230               0            6714             511               0;
    27    0.239               0            6707             511               0;
    28    0.248               0            6706             511               0;
    29    0.257               0            6711             511               0;
    30    0.266               0            6721             511               0;
    31    0.274               0            6731             511               0;
    32    0.283               0            6739             511               0;
    33    0.292               0            6741             511               0;
    34    0.301               0            6741             511               0;
    35    0.310               0            6738             511               0;
    36    0.319               0            6732             511               0;
    37    0.328               0            6724             511               0;
    38    0.336               0            6714             511               0;
    39    0.345               0            6702             511               0;
    40    0.354               0            6691             511               0;
    41    0.363               0            6684             511               0;
    42    0.372               0            6681             511               0;
    43    0.381               0            6681             511               0;
    44    0.390               0            6685             511               0;
    45    0.398               0            6690             511               0;
    46    0.407               0            6693             511               0;
    47    0.416               0            6693             511               0;
    48    0.425               0            6693             511               0;
    49    0.434               0            6689             511               0;
    50    0.443               0            6686             511               0;
    51    0.452               0            6685             511               0;
    52    0.460               0            6685             511               0;
    53    0.469               0            6690             511               0;
    54    0.478               0            6694             511               0;
    55    0.487               0            6697             511               0;
    56    0.496               0            6698             511               0;
    57    0.505               0            6693             511               0;
    58    0.514               0            6685             511               0;
    59    0.522               0            6680             511               0;
    60    0.531               0            6679             511               0;
    61    0.540               0            6680             511               0;
    62    0.549               0            6687             511               0;
    63    0.558               0            6695             511               0;
    64    0.567               0            6701             511               0;
    65    0.576               0            6702             511               0;
    66    0.584               0            6700             511               0;
    67    0.593               0            6692             511               0;
    68    0.602               0            6684             511               0;
    69    0.611               0            6679             511               0;
    70    0.620               0            6677             511               0;
    71    0.629               0            6675             511               0;
    72    0.638               0            6671             511               0;
    73    0.646               0            6660             511               0;
    74    0.655               0            6638             511               0;
    75    0.664               0            6595             511               0;
    76    0.673               0            6521             511               0;
    77    0.682               0            6402             511               0;
    78    0.691               0            6223             511               0;
    79    0.699               0            5959             511               0;
    80    0.708               0            5576             511               0;
    81    0.717               0            5097             511               0;
    82    0.726               0            4547             511               0;
    83    0.735               0            3949             511               0;
    84    0.744               0            3327             511               0;
    85    0.753               0            2703             511               0;
    86    0.761               0            2098             511               0;
    87    0.770               0            1516             511               0;
    88    0.779               0             964             511               0;
    89    0.788               0             451             511               0;
    90    0.797               0             -16             511               0;
    91    0.806               0            -437             510               0;
    92    0.815               0            -809             510               0;
    93    0.823               0           -1133             510               0;
    94    0.832               0           -1405             510               0;
    95    0.841               0           -1626             510               0;
    96    0.850               0           -1795             510               0;
    97    0.859               0           -1912             510               0;
