datmat4=[    0    0.000               0            2132             547               0;
     1    0.009               0            2136             547               0;
     2    0.018               0            2140             547               0;
     3    0.027               0            2143             547               0;
     4    0.035               0            2145             547               0;
     5    0.044               0            2146             547               0;
     6    0.053               0            2146             547               0;
     7    0.062               0            2146             547               0;
     8    0.071               0            2148             547               0;
     9    0.080               0            2150             547               0;
    10    0.089               0            2152             547               0;
    11    0.097               0            2156             547               0;
    12    0.106               0            2159             547               0;
    13    0.115               0            2164             547               0;
    14    0.124               0            2168             547               0;
    15    0.133               0            2174             547               0;
    16    0.142               0            2180             547               0;
    17    0.151               0            2185             547               0;
    18    0.159               0            2191             547               0;
    19    0.168               0            2197             547               0;
    20    0.177               0            2201             547               0;
    21    0.186               0            2205             547               0;
    22    0.195               0            2208             547               0;
    23    0.204               0            2210             547               0;
    24    0.213               0            2212             547               0;
    25    0.221               0            2214             547               0;
    26    0.230               0            2215             547               0;
    27    0.239               0            2217             547               0;
    28    0.248               0            2219             547               0;
    29    0.257               0            2222             547               0;
    30    0.266               0            2225             547               0;
    31    0.274               0            2228             547               0;
    32    0.283               0            2230             547               0;
    33    0.292               0            2232             547               0;
    34    0.301               0            2233             547               0;
    35    0.310               0            2235             547               0;
    36    0.319               0            2238             547               0;
    37    0.328               0            2240             547               0;
    38    0.336               0            2242             547               0;
    39    0.345               0            2245             547               0;
    40    0.354               0            2248             547               0;
    41    0.363               0            2252             547               0;
    42    0.372               0            2256             547               0;
    43    0.381               0            2260             547               0;
    44    0.390               0            2263             547               0;
    45    0.398               0            2266             547               0;
    46    0.407               0            2266             547               0;
    47    0.416               0            2266             547               0;
    48    0.425               0            2266             547               0;
    49    0.434               0            2266             547               0;
    50    0.443               0            2266             547               0;
    51    0.452               0            2266             547               0;
    52    0.460               0            2266             547               0;
    53    0.469               0            2266             547               0;
    54    0.478               0            2266             547               0;
    55    0.487               0            2266             547               0;
    56    0.496               0            2266             547               0;
    57    0.505               0            2266             547               0;
    58    0.514               0            2266             547               0;
    59    0.522               0            2266             547               0;
    60    0.531               0            2266             547               0;
    61    0.540               0            2266             547               0;
    62    0.549               0            2266             547               0;
    63    0.558               0            2266             547               0;
    64    0.567               0            2266             547               0;
    65    0.576               0            2266             547               0;
    66    0.584               0            2265             547               0;
    67    0.593               0            2263             547               0;
    68    0.602               0            2260             547               0;
    69    0.611               0            2252             547               0;
    70    0.620               0            2239             547               0;
    71    0.629               0            2217             547               0;
    72    0.638               0            2172             547               0;
    73    0.646               0            2090             547               0;
    74    0.655               0            1967             547               0;
    75    0.664               0            1808             547               0;
    76    0.673               0            1618             547               0;
    77    0.682               0            1402             550               0;
    78    0.691               0            1168             553               0;
    79    0.699               0             923             558               0;
    80    0.708               0             674             562               0;
    81    0.717               0             427             567               0;
    82    0.726               0             188             570               0;
    83    0.735               0             -38             572               0;
    84    0.744               0            -247             573               0;
    85    0.753               0            -436             573               0;
    86    0.761               0            -601             571               0;
    87    0.770               0            -742             566               0;
    88    0.779               0            -855             561               0;
    89    0.788               0            -940             556               0;
    90    0.797               0            -995             551               0;
    91    0.806               0           -1022             546               0;
    92    0.815               0           -1022             542               0;
    93    0.823               0            -994             539               0;
    94    0.832               0            -944             537               0;
    95    0.841               0            -877             535               0;
    96    0.850               0            -793             533               0;
    97    0.859               0            -696             532               0;
