 datmat2=[    0    0.000               0            2915            1164               0;
     1    0.009               0            2958            1164               0;
     2    0.018               0            2990            1163               0;
     3    0.027               0            3014            1163               0;
     4    0.035               0            3033            1163               0;
     5    0.044               0            3049            1164               0;
     6    0.053               0            3065            1165               0;
     7    0.062               0            3090            1166               0;
     8    0.071               0            3129            1166               0;
     9    0.080               0            3186            1166               0;
    10    0.089               0            3259            1166               0;
    11    0.097               0            3339            1166               0;
    12    0.106               0            3416            1166               0;
    13    0.115               0            3483            1166               0;
    14    0.124               0            3541            1166               0;
    15    0.133               0            3594            1167               0;
    16    0.142               0            3641            1168               0;
    17    0.151               0            3682            1170               0;
    18    0.159               0            3716            1171               0;
    19    0.168               0            3749            1171               0;
    20    0.177               0            3787            1171               0;
    21    0.186               0            3830            1171               0;
    22    0.195               0            3877            1171               0;
    23    0.204               0            3923            1170               0;
    24    0.213               0            3965            1170               0;
    25    0.221               0            4001            1170               0;
    26    0.230               0            4034            1170               0;
    27    0.239               0            4067            1170               0;
    28    0.248               0            4099            1170               0;
    29    0.257               0            4126            1170               0;
    30    0.266               0            4143            1170               0;
    31    0.274               0            4153            1170               0;
    32    0.283               0            4163            1170               0;
    33    0.292               0            4177            1170               0;
    34    0.301               0            4198            1170               0;
    35    0.310               0            4228            1170               0;
    36    0.319               0            4265            1170               0;
    37    0.328               0            4304            1170               0;
    38    0.336               0            4337            1170               0;
    39    0.345               0            4363            1170               0;
    40    0.354               0            4380            1171               0;
    41    0.363               0            4394            1172               0;
    42    0.372               0            4409            1173               0;
    43    0.381               0            4426            1173               0;
    44    0.390               0            4441            1173               0;
    45    0.398               0            4448            1173               0;
    46    0.407               0            4447            1173               0;
    47    0.416               0            4434            1173               0;
    48    0.425               0            4420            1173               0;
    49    0.434               0            4413            1173               0;
    50    0.443               0            4413            1173               0;
    51    0.452               0            4422            1173               0;
    52    0.460               0            4435            1173               0;
    53    0.469               0            4445            1173               0;
    54    0.478               0            4448            1173               0;
    55    0.487               0            4445            1173               0;
    56    0.496               0            4436            1173               0;
    57    0.505               0            4426            1173               0;
    58    0.514               0            4421            1173               0;
    59    0.522               0            4422            1173               0;
    60    0.531               0            4429            1173               0;
    61    0.540               0            4437            1173               0;
    62    0.549               0            4443            1172               0;
    63    0.558               0            4444            1172               0;
    64    0.567               0            4443            1172               0;
    65    0.576               0            4437            1172               0;
    66    0.584               0            4434            1172               0;
    67    0.593               0            4435            1172               0;
    68    0.602               0            4442            1172               0;
    69    0.611               0            4447            1171               0;
    70    0.620               0            4448            1171               0;
    71    0.629               0            4441            1171               0;
    72    0.638               0            4428            1171               0;
    73    0.646               0            4412            1171               0;
    74    0.655               0            4400            1171               0;
    75    0.664               0            4394            1171               0;
    76    0.673               0            4393            1171               0;
    77    0.682               0            4395            1171               0;
    78    0.691               0            4397            1171               0;
    79    0.699               0            4398            1171               0;
    80    0.708               0            4398            1170               0;
    81    0.717               0            4395            1170               0;
    82    0.726               0            4392            1170               0;
    83    0.735               0            4389            1170               0;
    84    0.744               0            4388            1170               0;
    85    0.753               0            4390            1170               0;
    86    0.761               0            4399            1170               0;
    87    0.770               0            4413            1170               0;
    88    0.779               0            4427            1169               0;
    89    0.788               0            4432            1169               0;
    90    0.797               0            4430            1169               0;
    91    0.806               0            4417            1169               0;
    92    0.815               0            4401            1169               0;
    93    0.823               0            4387            1170               0;
    94    0.832               0            4379            1170               0;
    95    0.841               0            4378            1170               0;
    96    0.850               0            4379            1170               0;
    97    0.859               0            4381            1170               0;
