 datmat5=[    0    0.000               0            4408             513               0;
     1    0.009               0            4397             513               0;
     2    0.018               0            4389             513               0;
     3    0.027               0            4382             513               0;
     4    0.035               0            4379             513               0;
     5    0.044               0            4378             513               0;
     6    0.053               0            4378             513               0;
     7    0.062               0            4379             513               0;
     8    0.071               0            4382             513               0;
     9    0.080               0            4385             513               0;
    10    0.089               0            4388             513               0;
    11    0.097               0            4392             513               0;
    12    0.106               0            4394             513               0;
    13    0.115               0            4394             513               0;
    14    0.124               0            4394             513               0;
    15    0.133               0            4391             513               0;
    16    0.142               0            4388             513               0;
    17    0.151               0            4385             513               0;
    18    0.159               0            4384             513               0;
    19    0.168               0            4384             513               0;
    20    0.177               0            4387             513               0;
    21    0.186               0            4390             513               0;
    22    0.195               0            4392             513               0;
    23    0.204               0            4392             513               0;
    24    0.213               0            4392             513               0;
    25    0.221               0            4390             513               0;
    26    0.230               0            4388             513               0;
    27    0.239               0            4385             513               0;
    28    0.248               0            4384             513               0;
    29    0.257               0            4383             513               0;
    30    0.266               0            4382             513               0;
    31    0.274               0            4382             513               0;
    32    0.283               0            4382             513               0;
    33    0.292               0            4383             513               0;
    34    0.301               0            4383             513               0;
    35    0.310               0            4384             513               0;
    36    0.319               0            4384             513               0;
    37    0.328               0            4384             513               0;
    38    0.336               0            4384             513               0;
    39    0.345               0            4384             513               0;
    40    0.354               0            4384             513               0;
    41    0.363               0            4384             513               0;
    42    0.372               0            4386             513               0;
    43    0.381               0            4390             513               0;
    44    0.390               0            4396             513               0;
    45    0.398               0            4402             513               0;
    46    0.407               0            4407             513               0;
    47    0.416               0            4411             513               0;
    48    0.425               0            4412             513               0;
    49    0.434               0            4411             513               0;
    50    0.443               0            4407             513               0;
    51    0.452               0            4401             513               0;
    52    0.460               0            4394             513               0;
    53    0.469               0            4388             513               0;
    54    0.478               0            4383             513               0;
    55    0.487               0            4381             513               0;
    56    0.496               0            4381             513               0;
    57    0.505               0            4383             513               0;
    58    0.514               0            4386             513               0;
    59    0.522               0            4390             513               0;
    60    0.531               0            4392             513               0;
    61    0.540               0            4394             513               0;
    62    0.549               0            4394             513               0;
    63    0.558               0            4394             513               0;
    64    0.567               0            4392             513               0;
    65    0.576               0            4390             513               0;
    66    0.584               0            4389             513               0;
    67    0.593               0            4388             513               0;
    68    0.602               0            4387             513               0;
    69    0.611               0            4386             513               0;
    70    0.620               0            4384             513               0;
    71    0.629               0            4382             513               0;
    72    0.638               0            4381             513               0;
    73    0.646               0            4381             513               0;
    74    0.655               0            4383             513               0;
    75    0.664               0            4388             513               0;
    76    0.673               0            4395             513               0;
    77    0.682               0            4403             513               0;
    78    0.691               0            4413             513               0;
    79    0.699               0            4422             513               0;
    80    0.708               0            4430             513               0;
    81    0.717               0            4436             513               0;
    82    0.726               0            4441             513               0;
    83    0.735               0            4444             513               0;
    84    0.744               0            4444             513               0;
    85    0.753               0            4444             513               0;
    86    0.761               0            4444             513               0;
    87    0.770               0            4444             513               0;
    88    0.779               0            4444             513               0;
    89    0.788               0            4444             513               0;
    90    0.797               0            4444             513               0;
    91    0.806               0            4444             513               0;
    92    0.815               0            4445             513               0;
    93    0.823               0            4446             513               0;
    94    0.832               0            4447             513               0;
    95    0.841               0            4447             513               0;
    96    0.850               0            4447             513               0;
    97    0.859               0            4447             513               0;
