datmat=[    0    0.000               0            2358           -1216               0;
     1    0.009               0            2358           -1215               0;
     2    0.018               0            2358           -1214               0;
     3    0.027               0            2358           -1213               0;
     4    0.035               0            2358           -1211               0;
     5    0.044               0            2358           -1209               0;
     6    0.053               0            2358           -1207               0;
     7    0.062               0            2358           -1205               0;
     8    0.071               0            2358           -1203               0;
     9    0.080               0            2358           -1201               0;
    10    0.089               0            2358           -1199               0;
    11    0.097               0            2358           -1197               0;
    12    0.106               0            2358           -1196               0;
    13    0.115               0            2358           -1195               0;
    14    0.124               0            2358           -1195               0;
    15    0.133               0            2358           -1195               0;
    16    0.142               0            2358           -1195               0;
    17    0.151               0            2358           -1195               0;
    18    0.159               0            2358           -1195               0;
    19    0.168               0            2358           -1195               0;
    20    0.177               0            2358           -1195               0;
    21    0.186               0            2358           -1195               0;
    22    0.195               0            2358           -1195               0;
    23    0.204               0            2358           -1195               0;
    24    0.213               0            2358           -1195               0;
    25    0.221               0            2358           -1195               0;
    26    0.230               0            2358           -1195               0;
    27    0.239               0            2358           -1195               0;
    28    0.248               0            2359           -1195               0;
    29    0.257               0            2361           -1193               0;
    30    0.266               0            2363           -1191               0;
    31    0.274               0            2366           -1188               0;
    32    0.283               0            2367           -1184               0;
    33    0.292               0            2369           -1179               0;
    34    0.301               0            2370           -1171               0;
    35    0.310               0            2372           -1161               0;
    36    0.319               0            2375           -1149               0;
    37    0.328               0            2378           -1135               0;
    38    0.336               0            2381           -1120               0;
    39    0.345               0            2382           -1105               0;
    40    0.354               0            2382           -1091               0;
    41    0.363               0            2382           -1078               0;
    42    0.372               0            2381           -1066               0;
    43    0.381               0            2380           -1057               0;
    44    0.390               0            2379           -1050               0;
    45    0.398               0            2378           -1046               0;
    46    0.407               0            2376           -1045               0;
    47    0.416               0            2375           -1044               0;
    48    0.425               0            2372           -1044               0;
    49    0.434               0            2362           -1045               0;
    50    0.443               0            2342           -1045               0;
    51    0.452               0            2308           -1044               0;
    52    0.460               0            2253           -1039               0;
    53    0.469               0            2169           -1027               0;
    54    0.478               0            2040           -1006               0;
    55    0.487               0            1864            -969               0;
    56    0.496               0            1649            -917               0;
    57    0.505               0            1403            -853               0;
    58    0.514               0            1137            -783               0;
    59    0.522               0             863            -712               0;
    60    0.531               0             588            -644               0;
    61    0.540               0             321            -580               0;
    62    0.549               0              68            -521               0;
    63    0.558               0            -164            -467               0;
    64    0.567               0            -372            -417               0;
    65    0.576               0            -551            -369               0;
    66    0.584               0            -700            -323               0;
    67    0.593               0            -816            -276               0;
    68    0.602               0            -898            -227               0;
    69    0.611               0            -946            -175               0;
    70    0.620               0            -962            -116               0;
    71    0.629               0            -946             -49               0;
    72    0.638               0            -902              27               0;
    73    0.646               0            -837             114               0;
    74    0.655               0            -752             209               0;
    75    0.664               0            -653             310               0;
    76    0.673               0            -542             414               0;
    77    0.682               0            -423             518               0;
    78    0.691               0            -299             617               0;
    79    0.699               0            -174             710               0;
    80    0.708               0             -52             795               0;
    81    0.717               0              63             867               0;
    82    0.726               0             168             926               0;
    83    0.735               0             261             972               0;
    84    0.744               0             338            1006               0;
    85    0.753               0             400            1029               0;
    86    0.761               0             444            1045               0;
    87    0.770               0             471            1054               0;
    88    0.779               0             480            1059               0;
    89    0.788               0             473            1061               0;
    90    0.797               0             450            1061               0;
    91    0.806               0             416            1059               0;
    92    0.815               0             375            1054               0;
    93    0.823               0             328            1047               0;
    94    0.832               0             278            1038               0;
    95    0.841               0             226            1026               0;
    96    0.850               0             173            1013               0;
    97    0.859               0             121             999               0;
